 10000011000102
 10000021000003
 10000021000103
 10000021000201
 10000031000002
 10000031000103
 10000031000201
 10000041000202
 10000051000006
 10000051000212
 10000061000005
 10000061000212
 10000071000113
 10000081000111
 10000101000117
 10000111000214
 10000121000105
 10000131000109
 10000141000114
 10001021000001
 10001031000002
 10001031000003
 10001031000201
 10001051000012
 10001091000013
 10001111000008
 10001131000007
 10001141000014
 10001171000010
 10002011000002
 10002011000003
 10002011000103
 10002021000004
 10002121000005
 10002121000006
 10002141000011
 20000012000202
 20000022000003
 20000022000103
 20000032000002
 20000032000103
 20000042000208
 20001032000002
 20001032000003
 20002022000001
 20002082000004
 40000014000011
 40000014000205
 40000024000003
 40000024000213
 40000034000002
 40000034000213
 40000044000203
 40000054000209
 40000064000201
 40000074000211
 40000114000001
 40000114000205
 40002014000006
 40002034000004
 40002054000001
 40002054000011
 40002094000005
 40002114000007
 40002134000002
 40002134000003
